mjd 51458


typedef struct {
	 char program[40];
	 int camRow;
	 int camCol;
	 int rowBinning;
	 int colBinning;
	 int amp0;
	 int amp1;
	 int amp2;
	 int amp3;
	 int nrows;
	 int ncols;
	 int sPreBias0 ;
	 int nPreBias0 ;
	 int sPostBias0 ;
	 int nPostBias0 ;
	 int sOverScan0 ;
	 int nOverScan0 ;
	 int sMapOverScan0 ;
	 int nMapOverScan0 ;
	 int sOverScanRows0 ;
	 int nOverScanRows0 ;
	 int sDataSec0 ;
	 int nDataSec0 ;
	 int sDataRow0 ;
	 int nDataRow0 ;
	 int sCCDRowSec0 ;
	 int sCCDColSec0 ;
	 int sPreBias1 ;
	 int nPreBias1 ;
	 int sPostBias1 ;
	 int nPostBias1 ;
	 int sOverScan1 ;
	 int nOverScan1 ;
	 int sMapOverScan1 ;
	 int nMapOverScan1 ;
	 int sOverScanRows1 ;
	 int nOverScanRows1 ;
	 int sDataSec1 ;
	 int nDataSec1 ;
	 int sDataRow1 ;
	 int nDataRow1 ;
	 int sCCDRowSec1 ;
	 int sCCDColSec1 ;
	 int sPreBias2 ;
	 int nPreBias2 ;
	 int sPostBias2 ;
	 int nPostBias2 ;
	 int sOverScan2 ;
	 int nOverScan2 ;
	 int sMapOverScan2 ;
	 int nMapOverScan2 ;
	 int sOverScanRows2 ;
	 int nOverScanRows2 ;
	 int sDataSec2 ;
	 int nDataSec2 ;
	 int sDataRow2 ;
	 int nDataRow2 ;
	 int sCCDRowSec2 ;
	 int sCCDColSec2 ;
	 int sPreBias3 ;
	 int nPreBias3 ;
	 int sPostBias3 ;
	 int nPostBias3 ;
	 int sOverScan3 ;
	 int nOverScan3 ;
	 int sMapOverScan3 ;
	 int nMapOverScan3 ;
	 int sOverScanRows3 ;
	 int nOverScanRows3 ;
	 int sDataSec3 ;
	 int nDataSec3 ;
	 int sDataRow3 ;
	 int nDataRow3 ;
	 int sCCDRowSec3 ;
	 int sCCDColSec3 ;
	 int sPreBias0good ;
	 int nPreBias0good ;
	 int sPostBias0good ;
	 int nPostBias0good ;
	 int sOverScan0good ;
	 int nOverScan0good ;
	 int sMapOverScan0good ;
	 int nMapOverScan0good ;
	 int sOverScanRows0good ;
	 int nOverScanRows0good ;
	 int sDataSec0good ;
	 int nDataSec0good ;
	 int sDataRow0good ;
	 int nDataRow0good ;
	 int sCCDRowSec0good ;
	 int sCCDColSec0good ;
	 int sPreBias1good ;
	 int nPreBias1good ;
	 int sPostBias1good ;
	 int nPostBias1good ;
	 int sOverScan1good ;
	 int nOverScan1good ;
	 int sMapOverScan1good ;
	 int nMapOverScan1good ;
	 int sOverScanRows1good ;
	 int nOverScanRows1good ;
	 int sDataSec1good ;
	 int nDataSec1good ;
	 int sDataRow1good ;
	 int nDataRow1good ;
	 int sCCDRowSec1good ;
	 int sCCDColSec1good ;
	 int sPreBias2good ;
	 int nPreBias2good ;
	 int sPostBias2good ;
	 int nPostBias2good ;
	 int sOverScan2good ;
	 int nOverScan2good ;
	 int sMapOverScan2good ;
	 int nMapOverScan2good ;
	 int sOverScanRows2good ;
	 int nOverScanRows2good ;
	 int sDataSec2good ;
	 int nDataSec2good ;
	 int sDataRow2good ;
	 int nDataRow2good ;
	 int sCCDRowSec2good ;
	 int sCCDColSec2good ;
	 int sPreBias3good ;
	 int nPreBias3good ;
	 int sPostBias3good ;
	 int nPostBias3good ;
	 int sOverScan3good ;
	 int nOverScan3good ;
	 int sMapOverScan3good ;
	 int nMapOverScan3good ;
	 int sOverScanRows3good ;
	 int nOverScanRows3good ;
	 int sDataSec3good ;
	 int nDataSec3good ;
	 int sDataRow3good ;
	 int nDataRow3good ;
	 int sCCDRowSec3good ;
	 int sCCDColSec3good ;
 } CCDCONFIG;
ccdconfig drifting 1 1 1  1  1 0 0 0 1361 2128 \
 20 20 2088 20 0 20  2108 20  0 0 40 2048 0 1361 0 40 \
 0 0 0 0  0 0 0 0  0 0 0 0  0 0 0 0 \
 0 0 0 0  0 0 0 0  0 0 0 0  0 0 0 0 \
 0 0 0 0  0 0 0 0  0 0 0 0  0 0 0 0 \
 30 10 2098 10 2 18  2110 18  0 0 40 2048 0 1361 0 40 \
 0 0 0 0  0 0 0 0  0 0 0 0  0 0 0 0 \
 0 0 0 0  0 0 0 0  0 0 0 0  0 0 0 0 \
 0 0 0 0  0 0 0 0  0 0 0 0  0 0 0 0  
ccdconfig drifting 2 1 1  1  1 1 0 0 1361 2128 \
 20 20 0 0 0 20 0 0 0 0 40 1024 0 1361 0 40 \
 2088 20 0 0 2108 20 0 0 0 0 1064 1024 0 1361 0 1064 \
 0 0 0 0  0 0 0 0  0 0 0 0  0 0 0 0 \
 0 0 0 0  0 0 0 0  0 0 0 0  0 0 0 0 \
 30 10 0 0 2 18 0 0 0 0 40 1024 0 1361 0 40 \
 2098 10 0 0 2110 18 0 0 0 0 1064 1024 0 1361 0 1064 \
 0 0 0 0  0 0 0 0  0 0 0 0  0 0 0 0 \
 0 0 0 0  0 0 0 0  0 0 0 0  0 0 0 0  
ccdconfig drifting 3 1 1  1  1 1 0 0 1361 2128 \
 20 20 0 0 0 20 0 0 0 0 40 1024 0 1361 0 40 \
 2088 20 0 0 2108 20 0 0 0 0 1064 1024 0 1361 0 1064 \
 0 0 0 0  0 0 0 0  0 0 0 0  0 0 0 0 \
 0 0 0 0  0 0 0 0  0 0 0 0  0 0 0 0 \
 30 10 0 0 2 18 0 0 0 0 40 1024 0 1361 0 40 \
 2098 10 0 0 2110 18 0 0 0 0 1064 1024 0 1361 0 1064 \
 0 0 0 0  0 0 0 0  0 0 0 0  0 0 0 0 \
 0 0 0 0  0 0 0 0  0 0 0 0  0 0 0 0  
ccdconfig drifting 4 1 1  1  1 1 0 0 1361 2128 \
 20 20 0 0 0 20 0 0 0 0 40 1024 0 1361 0 40 \
 2088 20 0 0 2108 20 0 0 0 0 1064 1024 0 1361 0 1064 \
 0 0 0 0  0 0 0 0  0 0 0 0  0 0 0 0 \
 0 0 0 0  0 0 0 0  0 0 0 0  0 0 0 0 \
 30 10 0 0 2 18 0 0 0 0 40 1024 0 1361 0 40 \
 2098 10 0 0 2110 18 0 0 0 0 1064 1024 0 1361 0 1064 \
 0 0 0 0  0 0 0 0  0 0 0 0  0 0 0 0 \
 0 0 0 0  0 0 0 0  0 0 0 0  0 0 0 0  
ccdconfig drifting 5 1 1  1  1 0 0 0 1361 2128 \
 20 20 2088 20 0 20  2108 20  0 0 40 2048 0 1361 0 40 \
 0 0 0 0  0 0 0 0  0 0 0 0  0 0 0 0 \
 0 0 0 0  0 0 0 0  0 0 0 0  0 0 0 0 \
 0 0 0 0  0 0 0 0  0 0 0 0  0 0 0 0 \
 30 10 2098 10 2 18  2110 18  0 0 40 2048 0 1361 0 40 \
 0 0 0 0  0 0 0 0  0 0 0 0  0 0 0 0 \
 0 0 0 0  0 0 0 0  0 0 0 0  0 0 0 0 \
 0 0 0 0  0 0 0 0  0 0 0 0  0 0 0 0  
ccdconfig drifting 1 2 1  1  1 1 0 0 1361 2128 \
 20 20 0 0 0 20 0 0 0 0 40 1024 0 1361 0 40 \
 2088 20 0 0 2108 20 0 0 0 0 1064 1024 0 1361 0 1064 \
 0 0 0 0  0 0 0 0  0 0 0 0  0 0 0 0 \
 0 0 0 0  0 0 0 0  0 0 0 0  0 0 0 0 \
 30 10 0 0 2 18 0 0 0 0 40 1024 0 1361 0 40 \
 2098 10 0 0 2110 18 0 0 0 0 1064 1024 0 1361 0 1064 \
 0 0 0 0  0 0 0 0  0 0 0 0  0 0 0 0 \
 0 0 0 0  0 0 0 0  0 0 0 0  0 0 0 0  
ccdconfig drifting 2 2 1  1  1 1 0 0 1361 2128 \
 20 20 0 0 0 20 0 0 0 0 40 1024 0 1361 0 40 \
 2088 20 0 0 2108 20 0 0 0 0 1064 1024 0 1361 0 1064 \
 0 0 0 0  0 0 0 0  0 0 0 0  0 0 0 0 \
 0 0 0 0  0 0 0 0  0 0 0 0  0 0 0 0 \
 30 10 0 0 2 18 0 0 0 0 40 1024 0 1361 0 40 \
 2098 10 0 0 2110 18 0 0 0 0 1064 1024 0 1361 0 1064 \
 0 0 0 0  0 0 0 0  0 0 0 0  0 0 0 0 \
 0 0 0 0  0 0 0 0  0 0 0 0  0 0 0 0  
ccdconfig drifting 3 2 1  1  1 1 0 0 1361 2128 \
 20 20 0 0 0 20 0 0 0 0 40 1024 0 1361 0 40 \
 2088 20 0 0 2108 20 0 0 0 0 1064 1024 0 1361 0 1064 \
 0 0 0 0  0 0 0 0  0 0 0 0  0 0 0 0 \
 0 0 0 0  0 0 0 0  0 0 0 0  0 0 0 0 \
 30 10 0 0 2 18 0 0 0 0 40 1024 0 1361 0 40 \
 2098 10 0 0 2110 18 0 0 0 0 1064 1024 0 1361 0 1064 \
 0 0 0 0  0 0 0 0  0 0 0 0  0 0 0 0 \
 0 0 0 0  0 0 0 0  0 0 0 0  0 0 0 0  
ccdconfig drifting 4 2 1  1  1 1 0 0 1361 2128 \
 20 20 0 0 0 20 0 0 0 0 40 1024 0 1361 0 40 \
 2088 20 0 0 2108 20 0 0 0 0 1064 1024 0 1361 0 1064 \
 0 0 0 0  0 0 0 0  0 0 0 0  0 0 0 0 \
 0 0 0 0  0 0 0 0  0 0 0 0  0 0 0 0 \
 30 10 0 0 2 18 0 0 0 0 40 1024 0 1361 0 40 \
 2098 10 0 0 2110 18 0 0 0 0 1064 1024 0 1361 0 1064 \
 0 0 0 0  0 0 0 0  0 0 0 0  0 0 0 0 \
 0 0 0 0  0 0 0 0  0 0 0 0  0 0 0 0  
ccdconfig drifting 5 2 1  1  1 1 0 0 1361 2128 \
 20 20 0 0 0 20 0 0 0 0 40 1024 0 1361 0 40 \
 2088 20 0 0 2108 20 0 0 0 0 1064 1024 0 1361 0 1064 \
 0 0 0 0  0 0 0 0  0 0 0 0  0 0 0 0 \
 0 0 0 0  0 0 0 0  0 0 0 0  0 0 0 0 \
 30 10 0 0 2 18 0 0 0 0 40 1024 0 1361 0 40 \
 2098 10 0 0 2110 18 0 0 0 0 1064 1024 0 1361 0 1064 \
 0 0 0 0  0 0 0 0  0 0 0 0  0 0 0 0 \
 0 0 0 0  0 0 0 0  0 0 0 0  0 0 0 0  
ccdconfig drifting 1 3 1  1  1 0 0 0 1361 2128 \
 20 20 2088 20 0 20  2108 20  0 0 40 2048 0 1361 0 40 \
 0 0 0 0  0 0 0 0  0 0 0 0  0 0 0 0 \
 0 0 0 0  0 0 0 0  0 0 0 0  0 0 0 0 \
 0 0 0 0  0 0 0 0  0 0 0 0  0 0 0 0 \
 30 10 2098 10 2 18  2110 18  0 0 40 2048 0 1361 0 40 \
 0 0 0 0  0 0 0 0  0 0 0 0  0 0 0 0 \
 0 0 0 0  0 0 0 0  0 0 0 0  0 0 0 0 \
 0 0 0 0  0 0 0 0  0 0 0 0  0 0 0 0  
ccdconfig drifting 2 3 1  1  1 1 0 0 1361 2128 \
 20 20 0 0 0 20 0 0 0 0 40 1024 0 1361 0 40 \
 2088 20 0 0 2108 20 0 0 0 0 1064 1024 0 1361 0 1064 \
 0 0 0 0  0 0 0 0  0 0 0 0  0 0 0 0 \
 0 0 0 0  0 0 0 0  0 0 0 0  0 0 0 0 \
 30 10 0 0 2 18 0 0 0 0 40 1024 0 1361 0 40 \
 2098 10 0 0 2110 18 0 0 0 0 1064 1024 0 1361 0 1064 \
 0 0 0 0  0 0 0 0  0 0 0 0  0 0 0 0 \
 0 0 0 0  0 0 0 0  0 0 0 0  0 0 0 0  
ccdconfig drifting 3 3 1  1  1 1 0 0 1361 2128 \
 20 20 0 0 0 20 0 0 0 0 40 1024 0 1361 0 40 \
 2088 20 0 0 2108 20 0 0 0 0 1064 1024 0 1361 0 1064 \
 0 0 0 0  0 0 0 0  0 0 0 0  0 0 0 0 \
 0 0 0 0  0 0 0 0  0 0 0 0  0 0 0 0 \
 30 10 0 0 2 18 0 0 0 0 40 1024 0 1361 0 40 \
 2098 10 0 0 2110 18 0 0 0 0 1064 1024 0 1361 0 1064 \
 0 0 0 0  0 0 0 0  0 0 0 0  0 0 0 0 \
 0 0 0 0  0 0 0 0  0 0 0 0  0 0 0 0  
ccdconfig drifting 4 3 1  1  1 1 0 0 1361 2128 \
 20 20 0 0 0 20 0 0 0 0 40 1024 0 1361 0 40 \
 2088 20 0 0 2108 20 0 0 0 0 1064 1024 0 1361 0 1064 \
 0 0 0 0  0 0 0 0  0 0 0 0  0 0 0 0 \
 0 0 0 0  0 0 0 0  0 0 0 0  0 0 0 0 \
 30 10 0 0 2 18 0 0 0 0 40 1024 0 1361 0 40 \
 2098 10 0 0 2110 18 0 0 0 0 1064 1024 0 1361 0 1064 \
 0 0 0 0  0 0 0 0  0 0 0 0  0 0 0 0 \
 0 0 0 0  0 0 0 0  0 0 0 0  0 0 0 0  
ccdconfig drifting 5 3 1  1  1 1 0 0 1361 2128 \
 20 20 0 0 0 20 0 0 0 0 40 1024 0 1361 0 40 \
 2088 20 0 0 2108 20 0 0 0 0 1064 1024 0 1361 0 1064 \
 0 0 0 0  0 0 0 0  0 0 0 0  0 0 0 0 \
 0 0 0 0  0 0 0 0  0 0 0 0  0 0 0 0 \
 30 10 0 0 2 18 0 0 0 0 40 1024 0 1361 0 40 \
 2098 10 0 0 2110 18 0 0 0 0 1064 1024 0 1361 0 1064 \
 0 0 0 0  0 0 0 0  0 0 0 0  0 0 0 0 \
 0 0 0 0  0 0 0 0  0 0 0 0  0 0 0 0  
ccdconfig drifting 1 4 1  1  1 1 0 0 1361 2128 \
 20 20 0 0 0 20 0 0 0 0 40 1024 0 1361 0 40 \
 2088 20 0 0 2108 20 0 0 0 0 1064 1024 0 1361 0 1064 \
 0 0 0 0  0 0 0 0  0 0 0 0  0 0 0 0 \
 0 0 0 0  0 0 0 0  0 0 0 0  0 0 0 0 \
 30 10 0 0 2 18 0 0 0 0 40 1024 0 1361 0 40 \
 2098 10 0 0 2110 18 0 0 0 0 1064 1024 0 1361 0 1064 \
 0 0 0 0  0 0 0 0  0 0 0 0  0 0 0 0 \
 0 0 0 0  0 0 0 0  0 0 0 0  0 0 0 0  
ccdconfig drifting 2 4 1  1  1 1 0 0 1361 2128 \
 20 20 0 0 0 20 0 0 0 0 40 1024 0 1361 0 40 \
 2088 20 0 0 2108 20 0 0 0 0 1064 1024 0 1361 0 1064 \
 0 0 0 0  0 0 0 0  0 0 0 0  0 0 0 0 \
 0 0 0 0  0 0 0 0  0 0 0 0  0 0 0 0 \
 30 10 0 0 2 18 0 0 0 0 40 1024 0 1361 0 40 \
 2098 10 0 0 2110 18 0 0 0 0 1064 1024 0 1361 0 1064 \
 0 0 0 0  0 0 0 0  0 0 0 0  0 0 0 0 \
 0 0 0 0  0 0 0 0  0 0 0 0  0 0 0 0  
ccdconfig drifting 3 4 1  1  1 0 0 0 1361 2128 \
 20 20 2088 20 0 20  2108 20  0 0 40 2048 0 1361 0 40 \
 0 0 0 0  0 0 0 0  0 0 0 0  0 0 0 0 \
 0 0 0 0  0 0 0 0  0 0 0 0  0 0 0 0 \
 0 0 0 0  0 0 0 0  0 0 0 0  0 0 0 0 \
 30 10 2098 10 2 18  2110 18  0 0 40 2048 0 1361 0 40 \
 0 0 0 0  0 0 0 0  0 0 0 0  0 0 0 0 \
 0 0 0 0  0 0 0 0  0 0 0 0  0 0 0 0 \
 0 0 0 0  0 0 0 0  0 0 0 0  0 0 0 0  
ccdconfig drifting 4 4 1  1  1 1 0 0 1361 2128 \
 20 20 0 0 0 20 0 0 0 0 40 1024 0 1361 0 40 \
 2088 20 0 0 2108 20 0 0 0 0 1064 1024 0 1361 0 1064 \
 0 0 0 0  0 0 0 0  0 0 0 0  0 0 0 0 \
 0 0 0 0  0 0 0 0  0 0 0 0  0 0 0 0 \
 30 10 0 0 2 18 0 0 0 0 40 1024 0 1361 0 40 \
 2098 10 0 0 2110 18 0 0 0 0 1064 1024 0 1361 0 1064 \
 0 0 0 0  0 0 0 0  0 0 0 0  0 0 0 0 \
 0 0 0 0  0 0 0 0  0 0 0 0  0 0 0 0  
ccdconfig drifting 5 4 1  1  1 1 0 0 1361 2128 \
 20 20 0 0 0 20 0 0 0 0 40 1024 0 1361 0 40 \
 2088 20 0 0 2108 20 0 0 0 0 1064 1024 0 1361 0 1064 \
 0 0 0 0  0 0 0 0  0 0 0 0  0 0 0 0 \
 0 0 0 0  0 0 0 0  0 0 0 0  0 0 0 0 \
 30 10 0 0 2 18 0 0 0 0 40 1024 0 1361 0 40 \
 2098 10 0 0 2110 18 0 0 0 0 1064 1024 0 1361 0 1064 \
 0 0 0 0  0 0 0 0  0 0 0 0  0 0 0 0 \
 0 0 0 0  0 0 0 0  0 0 0 0  0 0 0 0  
ccdconfig drifting 1 5 1  1  1 1 0 0 1361 2128 \
 20 20 0 0 0 20 0 0 0 0 40 1024 0 1361 0 40 \
 2088 20 0 0 2108 20 0 0 0 0 1064 1024 0 1361 0 1064 \
 0 0 0 0  0 0 0 0  0 0 0 0  0 0 0 0 \
 0 0 0 0  0 0 0 0  0 0 0 0  0 0 0 0 \
 30 10 0 0 2 18 0 0 0 0 40 1024 0 1361 0 40 \
 2098 10 0 0 2110 18 0 0 0 0 1064 1024 0 1361 0 1064 \
 0 0 0 0  0 0 0 0  0 0 0 0  0 0 0 0 \
 0 0 0 0  0 0 0 0  0 0 0 0  0 0 0 0  
ccdconfig drifting 2 5 1  1  1 0 0 0 1361 2128 \
 20 20 2088 20 0 20  2108 20  0 0 40 2048 0 1361 0 40 \
 0 0 0 0  0 0 0 0  0 0 0 0  0 0 0 0 \
 0 0 0 0  0 0 0 0  0 0 0 0  0 0 0 0 \
 0 0 0 0  0 0 0 0  0 0 0 0  0 0 0 0 \
 30 10 2098 10 2 18  2110 18  0 0 40 2048 0 1361 0 40 \
 0 0 0 0  0 0 0 0  0 0 0 0  0 0 0 0 \
 0 0 0 0  0 0 0 0  0 0 0 0  0 0 0 0 \
 0 0 0 0  0 0 0 0  0 0 0 0  0 0 0 0  
ccdconfig drifting 3 5 1  1  1 1 0 0 1361 2128 \
 20 20 0 0 0 20 0 0 0 0 40 1024 0 1361 0 40 \
 2088 20 0 0 2108 20 0 0 0 0 1064 1024 0 1361 0 1064 \
 0 0 0 0  0 0 0 0  0 0 0 0  0 0 0 0 \
 0 0 0 0  0 0 0 0  0 0 0 0  0 0 0 0 \
 30 10 0 0 2 18 0 0 0 0 40 1024 0 1361 0 40 \
 2098 10 0 0 2110 18 0 0 0 0 1064 1024 0 1361 0 1064 \
 0 0 0 0  0 0 0 0  0 0 0 0  0 0 0 0 \
 0 0 0 0  0 0 0 0  0 0 0 0  0 0 0 0  
ccdconfig drifting 4 5 1  1  1 1 0 0 1361 2128 \
 20 20 0 0 0 20 0 0 0 0 40 1024 0 1361 0 40 \
 2088 20 0 0 2108 20 0 0 0 0 1064 1024 0 1361 0 1064 \
 0 0 0 0  0 0 0 0  0 0 0 0  0 0 0 0 \
 0 0 0 0  0 0 0 0  0 0 0 0  0 0 0 0 \
 30 10 0 0 2 18 0 0 0 0 40 1024 0 1361 0 40 \
 2098 10 0 0 2110 18 0 0 0 0 1064 1024 0 1361 0 1064 \
 0 0 0 0  0 0 0 0  0 0 0 0  0 0 0 0 \
 0 0 0 0  0 0 0 0  0 0 0 0  0 0 0 0  
ccdconfig drifting 5 5 1  1  1 1 0 0 1361 2128 \
 20 20 0 0 0 20 0 0 0 0 40 1024 0 1361 0 40 \
 2088 20 0 0 2108 20 0 0 0 0 1064 1024 0 1361 0 1064 \
 0 0 0 0  0 0 0 0  0 0 0 0  0 0 0 0 \
 0 0 0 0  0 0 0 0  0 0 0 0  0 0 0 0 \
 30 10 0 0 2 18 0 0 0 0 40 1024 0 1361 0 40 \
 2098 10 0 0 2110 18 0 0 0 0 1064 1024 0 1361 0 1064 \
 0 0 0 0  0 0 0 0  0 0 0 0  0 0 0 0 \
 0 0 0 0  0 0 0 0  0 0 0 0  0 0 0 0  
ccdconfig drifting 1 6 1  1  1 1 0 0 1361 2128 \
 20 20 0 0 0 20 0 0 0 0 40 1024 0 1361 0 40 \
 2088 20 0 0 2108 20 0 0 0 0 1064 1024 0 1361 0 1064 \
 0 0 0 0  0 0 0 0  0 0 0 0  0 0 0 0 \
 0 0 0 0  0 0 0 0  0 0 0 0  0 0 0 0 \
 30 10 0 0 2 18 0 0 0 0 40 1024 0 1361 0 40 \
 2098 10 0 0 2110 18 0 0 0 0 1064 1024 0 1361 0 1064 \
 0 0 0 0  0 0 0 0  0 0 0 0  0 0 0 0 \
 0 0 0 0  0 0 0 0  0 0 0 0  0 0 0 0  
ccdconfig drifting 2 6 1  1  1 1 0 0 1361 2128 \
 20 20 0 0 0 20 0 0 0 0 40 1024 0 1361 0 40 \
 2088 20 0 0 2108 20 0 0 0 0 1064 1024 0 1361 0 1064 \
 0 0 0 0  0 0 0 0  0 0 0 0  0 0 0 0 \
 0 0 0 0  0 0 0 0  0 0 0 0  0 0 0 0 \
 30 10 0 0 2 18 0 0 0 0 40 1024 0 1361 0 40 \
 2098 10 0 0 2110 18 0 0 0 0 1064 1024 0 1361 0 1064 \
 0 0 0 0  0 0 0 0  0 0 0 0  0 0 0 0 \
 0 0 0 0  0 0 0 0  0 0 0 0  0 0 0 0  
ccdconfig drifting 3 6 1  1  1 0 0 0 1361 2128 \
 20 20 2088 20 0 20  2108 20  0 0 40 2048 0 1361 0 40 \
 0 0 0 0  0 0 0 0  0 0 0 0  0 0 0 0 \
 0 0 0 0  0 0 0 0  0 0 0 0  0 0 0 0 \
 0 0 0 0  0 0 0 0  0 0 0 0  0 0 0 0 \
 30 10 2098 10 2 18  2110 18  0 0 40 2048 0 1361 0 40 \
 0 0 0 0  0 0 0 0  0 0 0 0  0 0 0 0 \
 0 0 0 0  0 0 0 0  0 0 0 0  0 0 0 0 \
 0 0 0 0  0 0 0 0  0 0 0 0  0 0 0 0  
ccdconfig drifting 4 6 1  1  1 1 0 0 1361 2128 \
 20 20 0 0 0 20 0 0 0 0 40 1024 0 1361 0 40 \
 2088 20 0 0 2108 20 0 0 0 0 1064 1024 0 1361 0 1064 \
 0 0 0 0  0 0 0 0  0 0 0 0  0 0 0 0 \
 0 0 0 0  0 0 0 0  0 0 0 0  0 0 0 0 \
 30 10 0 0 2 18 0 0 0 0 40 1024 0 1361 0 40 \
 2098 10 0 0 2110 18 0 0 0 0 1064 1024 0 1361 0 1064 \
 0 0 0 0  0 0 0 0  0 0 0 0  0 0 0 0 \
 0 0 0 0  0 0 0 0  0 0 0 0  0 0 0 0  
ccdconfig drifting 5 6 1  1  1 1 0 0 1361 2128 \
 20 20 0 0 0 20 0 0 0 0 40 1024 0 1361 0 40 \
 2088 20 0 0 2108 20 0 0 0 0 1064 1024 0 1361 0 1064 \
 0 0 0 0  0 0 0 0  0 0 0 0  0 0 0 0 \
 0 0 0 0  0 0 0 0  0 0 0 0  0 0 0 0 \
 30 10 0 0 2 18 0 0 0 0 40 1024 0 1361 0 40 \
 2098 10 0 0 2110 18 0 0 0 0 1064 1024 0 1361 0 1064 \
 0 0 0 0  0 0 0 0  0 0 0 0  0 0 0 0 \
 0 0 0 0  0 0 0 0  0 0 0 0  0 0 0 0  
ccdconfig drifting 6 0 1  1  1 0 0 0 1361 2128 \
 20 20 2088 20 0 20  2108 20  0 0 40 2048 0 1361 0 40 \
 0 0 0 0  0 0 0 0  0 0 0 0  0 0 0 0 \
 0 0 0 0  0 0 0 0  0 0 0 0  0 0 0 0 \
 0 0 0 0  0 0 0 0  0 0 0 0  0 0 0 0 \
 30 10 2098 10 2 18  2110 18  0 0 40 2048 0 1361 0 40 \
 0 0 0 0  0 0 0 0  0 0 0 0  0 0 0 0 \
 0 0 0 0  0 0 0 0  0 0 0 0  0 0 0 0 \
 0 0 0 0  0 0 0 0  0 0 0 0  0 0 0 0  
ccdconfig drifting 6 1 1  1  0 1 0 0 1361 2128 \
 0 0 0 0  0 0 0 0  0 0 0 0  0 0 0 0 \
 2088 20 20 20 2108 20 0 20 0 0 40 2048 0 1361 0 40 \
 0 0 0 0  0 0 0 0  0 0 0 0  0 0 0 0 \
 0 0 0 0  0 0 0 0  0 0 0 0  0 0 0 0 \
 0 0 0 0  0 0 0 0  0 0 0 0  0 0 0 0 \
 2098 10 30  10 2110 18 2  18 0 0 40 2048 0 1361 0 40 \
 0 0 0 0  0 0 0 0  0 0 0 0  0 0 0 0 \
 0 0 0 0  0 0 0 0  0 0 0 0  0 0 0 0  
ccdconfig drifting 6 2 1  1  1 0 0 0 1361 2128 \
 20 20 2088 20 0 20  2108 20  0 0 40 2048 0 1361 0 40 \
 0 0 0 0  0 0 0 0  0 0 0 0  0 0 0 0 \
 0 0 0 0  0 0 0 0  0 0 0 0  0 0 0 0 \
 0 0 0 0  0 0 0 0  0 0 0 0  0 0 0 0 \
 30 10 2098 10 2 18  2110 18  0 0 40 2048 0 1361 0 40 \
 0 0 0 0  0 0 0 0  0 0 0 0  0 0 0 0 \
 0 0 0 0  0 0 0 0  0 0 0 0  0 0 0 0 \
 0 0 0 0  0 0 0 0  0 0 0 0  0 0 0 0  
ccdconfig drifting 6 3 1  1  0 1 0 0 1361 2128 \
 0 0 0 0  0 0 0 0  0 0 0 0  0 0 0 0 \
 2088 20 20 20 2108 20 0 20 0 0 40 2048 0 1361 0 40 \
 0 0 0 0  0 0 0 0  0 0 0 0  0 0 0 0 \
 0 0 0 0  0 0 0 0  0 0 0 0  0 0 0 0 \
 0 0 0 0  0 0 0 0  0 0 0 0  0 0 0 0 \
 2098 10 30  10 2110 18 2  18 0 0 40 2048 0 1361 0 40 \
 0 0 0 0  0 0 0 0  0 0 0 0  0 0 0 0 \
 0 0 0 0  0 0 0 0  0 0 0 0  0 0 0 0  
ccdconfig drifting 6 4 1  1  1 0 0 0 1361 2128 \
 20 20 2088 20 0 20  2108 20  0 0 40 2048 0 1361 0 40 \
 0 0 0 0  0 0 0 0  0 0 0 0  0 0 0 0 \
 0 0 0 0  0 0 0 0  0 0 0 0  0 0 0 0 \
 0 0 0 0  0 0 0 0  0 0 0 0  0 0 0 0 \
 30 10 2098 10 2 18  2110 18  0 0 40 2048 0 1361 0 40 \
 0 0 0 0  0 0 0 0  0 0 0 0  0 0 0 0 \
 0 0 0 0  0 0 0 0  0 0 0 0  0 0 0 0 \
 0 0 0 0  0 0 0 0  0 0 0 0  0 0 0 0  
ccdconfig drifting 6 5 1  1  1 0 0 0 1361 2128 \
 20 20 2088 20 0 20  2108 20  0 0 40 2048 0 1361 0 40 \
 0 0 0 0  0 0 0 0  0 0 0 0  0 0 0 0 \
 0 0 0 0  0 0 0 0  0 0 0 0  0 0 0 0 \
 0 0 0 0  0 0 0 0  0 0 0 0  0 0 0 0 \
 30 10 2098 10 2 18  2110 18  0 0 40 2048 0 1361 0 40 \
 0 0 0 0  0 0 0 0  0 0 0 0  0 0 0 0 \
 0 0 0 0  0 0 0 0  0 0 0 0  0 0 0 0 \
 0 0 0 0  0 0 0 0  0 0 0 0  0 0 0 0  
ccdconfig drifting 7 1 1  1  1 0 0 0 1361 2128 \
 20 20 2088 20 0 20  2108 20  0 0 40 2048 0 1361 0 40 \
 0 0 0 0  0 0 0 0  0 0 0 0  0 0 0 0 \
 0 0 0 0  0 0 0 0  0 0 0 0  0 0 0 0 \
 0 0 0 0  0 0 0 0  0 0 0 0  0 0 0 0 \
 30 10 2098 10 2 18  2110 18  0 0 40 2048 0 1361 0 40 \
 0 0 0 0  0 0 0 0  0 0 0 0  0 0 0 0 \
 0 0 0 0  0 0 0 0  0 0 0 0  0 0 0 0 \
 0 0 0 0  0 0 0 0  0 0 0 0  0 0 0 0  
ccdconfig drifting 7 2 1  1  1 0 0 0 1361 2128 \
 20 20 2088 20 0 20  2108 20  0 0 40 2048 0 1361 0 40 \
 0 0 0 0  0 0 0 0  0 0 0 0  0 0 0 0 \
 0 0 0 0  0 0 0 0  0 0 0 0  0 0 0 0 \
 0 0 0 0  0 0 0 0  0 0 0 0  0 0 0 0 \
 30 10 2098 10 2 18  2110 18  0 0 40 2048 0 1361 0 40 \
 0 0 0 0  0 0 0 0  0 0 0 0  0 0 0 0 \
 0 0 0 0  0 0 0 0  0 0 0 0  0 0 0 0 \
 0 0 0 0  0 0 0 0  0 0 0 0  0 0 0 0  
ccdconfig drifting 7 3 1  1  1 0 0 0 1361 2128 \
 20 20 2088 20 0 20  2108 20  0 0 40 2048 0 1361 0 40 \
 0 0 0 0  0 0 0 0  0 0 0 0  0 0 0 0 \
 0 0 0 0  0 0 0 0  0 0 0 0  0 0 0 0 \
 0 0 0 0  0 0 0 0  0 0 0 0  0 0 0 0 \
 30 10 2098 10 2 18  2110 18  0 0 40 2048 0 1361 0 40 \
 0 0 0 0  0 0 0 0  0 0 0 0  0 0 0 0 \
 0 0 0 0  0 0 0 0  0 0 0 0  0 0 0 0 \
 0 0 0 0  0 0 0 0  0 0 0 0  0 0 0 0  
ccdconfig drifting 7 4 1  1  1 0 0 0 1361 2128 \
 20 20 2088 20 0 20  2108 20  0 0 40 2048 0 1361 0 40 \
 0 0 0 0  0 0 0 0  0 0 0 0  0 0 0 0 \
 0 0 0 0  0 0 0 0  0 0 0 0  0 0 0 0 \
 0 0 0 0  0 0 0 0  0 0 0 0  0 0 0 0 \
 30 10 2098 10 2 18  2110 18  0 0 40 2048 0 1361 0 40 \
 0 0 0 0  0 0 0 0  0 0 0 0  0 0 0 0 \
 0 0 0 0  0 0 0 0  0 0 0 0  0 0 0 0 \
 0 0 0 0  0 0 0 0  0 0 0 0  0 0 0 0  
ccdconfig drifting 7 5 1  1  1 0 0 0 1361 2128 \
 20 20 2088 20 0 20  2108 20  0 0 40 2048 0 1361 0 40 \
 0 0 0 0  0 0 0 0  0 0 0 0  0 0 0 0 \
 0 0 0 0  0 0 0 0  0 0 0 0  0 0 0 0 \
 0 0 0 0  0 0 0 0  0 0 0 0  0 0 0 0 \
 30 10 2098 10 2 18  2110 18  0 0 40 2048 0 1361 0 40 \
 0 0 0 0  0 0 0 0  0 0 0 0  0 0 0 0 \
 0 0 0 0  0 0 0 0  0 0 0 0  0 0 0 0 \
 0 0 0 0  0 0 0 0  0 0 0 0  0 0 0 0  
ccdconfig drifting 7 6 1  1  0 1 0 0 1361 2128 \
 0 0 0 0  0 0 0 0  0 0 0 0  0 0 0 0 \
 2088 20 20 20 2108 20 0 20 0 0 40 2048 0 1361 0 40 \
 0 0 0 0  0 0 0 0  0 0 0 0  0 0 0 0 \
 0 0 0 0  0 0 0 0  0 0 0 0  0 0 0 0 \
 0 0 0 0  0 0 0 0  0 0 0 0  0 0 0 0 \
 2098 10 30  10 2110 18 2  18 0 0 40 2048 0 1361 0 40 \
 0 0 0 0  0 0 0 0  0 0 0 0  0 0 0 0 \
 0 0 0 0  0 0 0 0  0 0 0 0  0 0 0 0  
ccdconfig drifting 8 1 1  1  1 0 0 0 1361 2128 \
 20 20 2088 20 0 20  2108 20  0 0 40 2048 0 1361 0 40 \
 0 0 0 0  0 0 0 0  0 0 0 0  0 0 0 0 \
 0 0 0 0  0 0 0 0  0 0 0 0  0 0 0 0 \
 0 0 0 0  0 0 0 0  0 0 0 0  0 0 0 0 \
 30 10 2098 10 2 18  2110 18  0 0 40 2048 0 1361 0 40 \
 0 0 0 0  0 0 0 0  0 0 0 0  0 0 0 0 \
 0 0 0 0  0 0 0 0  0 0 0 0  0 0 0 0 \
 0 0 0 0  0 0 0 0  0 0 0 0  0 0 0 0  
ccdconfig drifting 8 2 1  1  1 0 0 0 1361 2128 \
 20 20 2088 20 0 20  2108 20  0 0 40 2048 0 1361 0 40 \
 0 0 0 0  0 0 0 0  0 0 0 0  0 0 0 0 \
 0 0 0 0  0 0 0 0  0 0 0 0  0 0 0 0 \
 0 0 0 0  0 0 0 0  0 0 0 0  0 0 0 0 \
 30 10 2098 10 2 18  2110 18  0 0 40 2048 0 1361 0 40 \
 0 0 0 0  0 0 0 0  0 0 0 0  0 0 0 0 \
 0 0 0 0  0 0 0 0  0 0 0 0  0 0 0 0 \
 0 0 0 0  0 0 0 0  0 0 0 0  0 0 0 0  
ccdconfig drifting 8 3 1  1  1 0 0 0 1361 2128 \
 20 20 2088 20 0 20  2108 20  0 0 40 2048 0 1361 0 40 \
 0 0 0 0  0 0 0 0  0 0 0 0  0 0 0 0 \
 0 0 0 0  0 0 0 0  0 0 0 0  0 0 0 0 \
 0 0 0 0  0 0 0 0  0 0 0 0  0 0 0 0 \
 30 10 2098 10 2 18  2110 18  0 0 40 2048 0 1361 0 40 \
 0 0 0 0  0 0 0 0  0 0 0 0  0 0 0 0 \
 0 0 0 0  0 0 0 0  0 0 0 0  0 0 0 0 \
 0 0 0 0  0 0 0 0  0 0 0 0  0 0 0 0  
ccdconfig drifting 8 4 1  1  0 1 0 0 1361 2128 \
 0 0 0 0  0 0 0 0  0 0 0 0  0 0 0 0 \
 2088 20 20 20 2108 20 0 20 0 0 40 2048 0 1361 0 40 \
 0 0 0 0  0 0 0 0  0 0 0 0  0 0 0 0 \
 0 0 0 0  0 0 0 0  0 0 0 0  0 0 0 0 \
 0 0 0 0  0 0 0 0  0 0 0 0  0 0 0 0 \
 2098 10 30  10 2110 18 2  18 0 0 40 2048 0 1361 0 40 \
 0 0 0 0  0 0 0 0  0 0 0 0  0 0 0 0 \
 0 0 0 0  0 0 0 0  0 0 0 0  0 0 0 0  
ccdconfig drifting 8 5 1  1  0 1 0 0 1361 2128 \
 0 0 0 0  0 0 0 0  0 0 0 0  0 0 0 0 \
 2088 20 20 20 2108 20 0 20 0 0 40 2048 0 1361 0 40 \
 0 0 0 0  0 0 0 0  0 0 0 0  0 0 0 0 \
 0 0 0 0  0 0 0 0  0 0 0 0  0 0 0 0 \
 0 0 0 0  0 0 0 0  0 0 0 0  0 0 0 0 \
 2098 10 30  10 2110 18 2  18 0 0 40 2048 0 1361 0 40 \
 0 0 0 0  0 0 0 0  0 0 0 0  0 0 0 0 \
 0 0 0 0  0 0 0 0  0 0 0 0  0 0 0 0  
ccdconfig drifting 8 6 1  1  1 0 0 0 1361 2128 \
 20 20 2088 20 0 20  2108 20  0 0 40 2048 0 1361 0 40 \
 0 0 0 0  0 0 0 0  0 0 0 0  0 0 0 0 \
 0 0 0 0  0 0 0 0  0 0 0 0  0 0 0 0 \
 0 0 0 0  0 0 0 0  0 0 0 0  0 0 0 0 \
 30 10 2098 10 2 18  2110 18  0 0 40 2048 0 1361 0 40 \
 0 0 0 0  0 0 0 0  0 0 0 0  0 0 0 0 \
 0 0 0 0  0 0 0 0  0 0 0 0  0 0 0 0 \
 0 0 0 0  0 0 0 0  0 0 0 0  0 0 0 0  
ccdconfig drifting 9 0 1  1  0 1 0 0 1361 2128 \
 0 0 0 0  0 0 0 0  0 0 0 0  0 0 0 0 \
 2088 20 20 20 2108 20 0 20 0 0 40 2048 0 1361 0 40 \
 0 0 0 0  0 0 0 0  0 0 0 0  0 0 0 0 \
 0 0 0 0  0 0 0 0  0 0 0 0  0 0 0 0 \
 0 0 0 0  0 0 0 0  0 0 0 0  0 0 0 0 \
 2098 10 30  10 2110 18 2  18 0 0 40 2048 0 1361 0 40 \
 0 0 0 0  0 0 0 0  0 0 0 0  0 0 0 0 \
 0 0 0 0  0 0 0 0  0 0 0 0  0 0 0 0  
ccdconfig drifting 9 1 1  1  0 1 0 0 1361 2128 \
 0 0 0 0  0 0 0 0  0 0 0 0  0 0 0 0 \
 2088 20 20 20 2108 20 0 20 0 0 40 2048 0 1361 0 40 \
 0 0 0 0  0 0 0 0  0 0 0 0  0 0 0 0 \
 0 0 0 0  0 0 0 0  0 0 0 0  0 0 0 0 \
 0 0 0 0  0 0 0 0  0 0 0 0  0 0 0 0 \
 2098 10 30  10 2110 18 2  18 0 0 40 2048 0 1361 0 40 \
 0 0 0 0  0 0 0 0  0 0 0 0  0 0 0 0 \
 0 0 0 0  0 0 0 0  0 0 0 0  0 0 0 0  
ccdconfig drifting 9 2 1  1  0 1 0 0 1361 2128 \
 0 0 0 0  0 0 0 0  0 0 0 0  0 0 0 0 \
 2088 20 20 20 2108 20 0 20 0 0 40 2048 0 1361 0 40 \
 0 0 0 0  0 0 0 0  0 0 0 0  0 0 0 0 \
 0 0 0 0  0 0 0 0  0 0 0 0  0 0 0 0 \
 0 0 0 0  0 0 0 0  0 0 0 0  0 0 0 0 \
 2098 10 30  10 2110 18 2  18 0 0 40 2048 0 1361 0 40 \
 0 0 0 0  0 0 0 0  0 0 0 0  0 0 0 0 \
 0 0 0 0  0 0 0 0  0 0 0 0  0 0 0 0  
ccdconfig drifting 9 3 1  1  1 0 0 0 1361 2128 \
 20 20 2088 20 0 20  2108 20  0 0 40 2048 0 1361 0 40 \
 0 0 0 0  0 0 0 0  0 0 0 0  0 0 0 0 \
 0 0 0 0  0 0 0 0  0 0 0 0  0 0 0 0 \
 0 0 0 0  0 0 0 0  0 0 0 0  0 0 0 0 \
 30 10 2098 10 2 18  2110 18  0 0 40 2048 0 1361 0 40 \
 0 0 0 0  0 0 0 0  0 0 0 0  0 0 0 0 \
 0 0 0 0  0 0 0 0  0 0 0 0  0 0 0 0 \
 0 0 0 0  0 0 0 0  0 0 0 0  0 0 0 0  
ccdconfig drifting 9 4 1  1  0 1 0 0 1361 2128 \
 0 0 0 0  0 0 0 0  0 0 0 0  0 0 0 0 \
 2088 20 20 20 2108 20 0 20 0 0 40 2048 0 1361 0 40 \
 0 0 0 0  0 0 0 0  0 0 0 0  0 0 0 0 \
 0 0 0 0  0 0 0 0  0 0 0 0  0 0 0 0 \
 0 0 0 0  0 0 0 0  0 0 0 0  0 0 0 0 \
 2098 10 30  10 2110 18 2  18 0 0 40 2048 0 1361 0 40 \
 0 0 0 0  0 0 0 0  0 0 0 0  0 0 0 0 \
 0 0 0 0  0 0 0 0  0 0 0 0  0 0 0 0  
ccdconfig drifting 9 5 1  1  1 0 0 0 1361 2128 \
 20 20 2088 20 0 20  2108 20  0 0 40 2048 0 1361 0 40 \
 0 0 0 0  0 0 0 0  0 0 0 0  0 0 0 0 \
 0 0 0 0  0 0 0 0  0 0 0 0  0 0 0 0 \
 0 0 0 0  0 0 0 0  0 0 0 0  0 0 0 0 \
 30 10 2098 10 2 18  2110 18  0 0 40 2048 0 1361 0 40 \
 0 0 0 0  0 0 0 0  0 0 0 0  0 0 0 0 \
 0 0 0 0  0 0 0 0  0 0 0 0  0 0 0 0 \
 0 0 0 0  0 0 0 0  0 0 0 0  0 0 0 0  
