# linearity data added to opECalib-51075.par cmr Thu Jan 31 19:36:03 EST 2002
# cmr thinks this file should be used to process run 94 and any data before it

# for amps with the 0th element of the DN array < 0, abs(DN<0>)
# is the LINEARITY_TYPE and DN<1> is the number of coefficients
# for the fit type, specified in the linearity array
#	 version $Name: not supported by cvs2svn $
	 version photoop
	 mjd 51371
	 nsteps 1

typedef enum {
	 	LINEAR_ILLEGAL = 666 # illegal type; this amp isn't used
	 	LINEAR_NONE = 1,      # C/R = 1
	 	LINEAR_QUADRATIC,     # C/R = 1 + c1 R
	 	LINEAR_LOG,           # C/R = 1 + c1 lg(R)
	 	LINEAR_THRESHLOG,     # C/R = 1 + (R<c2 ? 0 : c1 lg(R/c2))
	 	LINEAR_NTYPE          # number of functional forms
} LINEARITY_TYPE;

typedef struct {
	 char program[40];
	 int camRow;
	 int camCol;
	 float readNoiseDN0;
	 float fullWellDN0;
	 float gain0;
	 float biasLevel0;
	 float DN0[13];
	 float linearity0[13];
	 float readNoiseDN1;
	 float fullWellDN1;
	 float gain1;
	 float biasLevel1;
	 float DN1[13];
	 float linearity1[13];
	 float readNoiseDN2;
	 float fullWellDN2;
	 float gain2;
	 float biasLevel2;
	 float DN2[13];
	 float linearity2[13];
	 float readNoiseDN3;
	 float fullWellDN3;
	 float gain3;
	 float biasLevel3;
	 float DN3[13];
	 float linearity3[13];
} ECALIB;

ECALIB drifting 1 1 1.35 51700 4.71 700 \
	{ -4 2 0 0 0 0 0 0 0 0 0 0 0} \
	{ 1096 -0.0075 0 0 0 0 0 0 0 0 0 0 0} \
	1.35 51700 4.71 700 \
	{ -666 0 0 0 0 0 0 0 0 0 0 0 0} \
	{ 0 0 0 0 0 0 0 0 0 0 0 0 0} \
	1.35 51700 4.71 700 \
	{ -666 0 0 0 0 0 0 0 0 0 0 0 0} \
	{ 0 0 0 0 0 0 0 0 0 0 0 0 0} \
	1.35 517000 4.71 700 \
	{ -666 0 0 0 0 0 0 0 0 0 0 0 0} \
	{ 0 0 0 0 0 0 0 0 0 0 0 0 0} 
ECALIB drifting 1 2 1.1 51470 4.62 700 \
	{ -4 2 0 0 0 0 0 0 0 0 0 0 0} \
	{ 3802 -0.0371 0 0 0 0 0 0 0 0 0 0 0} \
	0.9 53465 4.58 700 \
	{ -4 2 0 0 0 0 0 0 0 0 0 0 0} \
	{ 3236 -0.0316 0 0 0 0 0 0 0 0 0 0 0} \
	1.1 51470 4.62 700 \
	{ -666 0 0 0 0 0 0 0 0 0 0 0 0} \
	{ 0 0 0 0 0 0 0 0 0 0 0 0 0} \
	0.9 53465 4.78 700 \
	{ -666 0 0 0 0 0 0 0 0 0 0 0 0} \
	{ 0 0 0 0 0 0 0 0 0 0 0 0 0} 
ECALIB drifting 1 3 1.15 45660 4.72 700 \
	{ -4 2 0 0 0 0 0 0 0 0 0 0 0} \
	{ 3802 -0.0285 0 0 0 0 0 0 0 0 0 0 0} \
	1.15 45660 4.72 700 \
	{ -666 0 0 0 0 0 0 0 0 0 0 0 0} \
	{ 0 0 0 0 0 0 0 0 0 0 0 0 0} \
	1.15 45660 4.72 700 \
	{ -666 0 0 0 0 0 0 0 0 0 0 0 0} \
	{ 0 0 0 0 0 0 0 0 0 0 0 0 0} \
	1.15 45660 4.72 700 \
	{ -666 0 0 0 0 0 0 0 0 0 0 0 0} \
	{ 0 0 0 0 0 0 0 0 0 0 0 0 0} 
ECALIB drifting 1 4 1.2 48130 4.76 700 \
	{ -4 2 0 0 0 0 0 0 0 0 0 0 0} \
	{ 6761 -0.0063 0 0 0 0 0 0 0 0 0 0 0} \
	1.1 51410 4.76 700 \
	{ -4 2 0 0 0 0 0 0 0 0 0 0 0} \
	{ 4169 -0.0349 0 0 0 0 0 0 0 0 0 0 0} \
	1.2 48130 4.76 700 \
	{ -666 0 0 0 0 0 0 0 0 0 0 0 0} \
	{ 0 0 0 0 0 0 0 0 0 0 0 0 0} \
	1.2 51410 4.76 700 \
	{ -666 0 0 0 0 0 0 0 0 0 0 0 0} \
	{ 0 0 0 0 0 0 0 0 0 0 0 0 0} 
ECALIB drifting 1 5 1 28420 4.96 700 \
	{ -4 2 0 0 0 0 0 0 0 0 0 0 0} \
	{ 4677 -0.0374 0 0 0 0 0 0 0 0 0 0 0} \
	0.8 21400 4.49 700 \
	{ -4 2 0 0 0 0 0 0 0 0 0 0 0} \
	{ 4266 -0.04 0 0 0 0 0 0 0 0 0 0 0} \
	1 28420 4.96 700 \
	{ -666 0 0 0 0 0 0 0 0 0 0 0 0} \
	{ 0 0 0 0 0 0 0 0 0 0 0 0 0} \
	0.8 21400 4.49 700 \
	{ -666 0 0 0 0 0 0 0 0 0 0 0 0} \
	{ 0 0 0 0 0 0 0 0 0 0 0 0 0} 
ECALIB drifting 1 6 1 56328 4.95 700 \
	{ -4 2 0 0 0 0 0 0 0 0 0 0 0} \
	{ 4571 -0.01 0 0 0 0 0 0 0 0 0 0 0} \
	0.9 57300 4.84 700 \
	{ -4 2 0 0 0 0 0 0 0 0 0 0 0} \
	{ 2692 -0.0069 0 0 0 0 0 0 0 0 0 0 0} \
	1 56328 4.95 700 \
	{ -666 0 0 0 0 0 0 0 0 0 0 0 0} \
	{ 0 0 0 0 0 0 0 0 0 0 0 0 0} \
	0.9 57300 4.84 700 \
	{ -666 0 0 0 0 0 0 0 0 0 0 0 0} \
	{ 0 0 0 0 0 0 0 0 0 0 0 0 0} 
ECALIB drifting 2 1 1.1 50348 5.46 700 \
	{ -4 2 0 0 0 0 0 0 0 0 0 0 0} \
	{ 4677 -0.0176 0 0 0 0 0 0 0 0 0 0 0} \
	4.5 50325 4.87 700 \
	{ -4 2 0 0 0 0 0 0 0 0 0 0 0} \
	{ 4365 -0.015 0 0 0 0 0 0 0 0 0 0 0} \
	1.1 50348 5.46 700 \
	{ -666 0 0 0 0 0 0 0 0 0 0 0 0} \
	{ 0 0 0 0 0 0 0 0 0 0 0 0 0} \
	4.5 50325 4.87 700 \
	{ -666 0 0 0 0 0 0 0 0 0 0 0 0} \
	{ 0 0 0 0 0 0 0 0 0 0 0 0 0} 
ECALIB drifting 2 2 4 62350 4.39 700 \
	{ -4 2 0 0 0 0 0 0 0 0 0 0 0} \
	{ 2630 -0.0274 0 0 0 0 0 0 0 0 0 0 0} \
	0.8 32625 8.74 700 \
	{ -4 2 0 0 0 0 0 0 0 0 0 0 0} \
	{ 5888 -0.011 0 0 0 0 0 0 0 0 0 0 0} \
	4 62350 4.39 700 \
	{ -666 0 0 0 0 0 0 0 0 0 0 0 0} \
	{ 0 0 0 0 0 0 0 0 0 0 0 0 0} \
	0.8 32625 8.74 700 \
	{ -666 0 0 0 0 0 0 0 0 0 0 0 0} \
	{ 0 0 0 0 0 0 0 0 0 0 0 0 0} 
ECALIB drifting 2 3 3.2 34540 5.09 700 \
	{ -4 2 0 0 0 0 0 0 0 0 0 0 0} \
	{ 3715 -0.0126 0 0 0 0 0 0 0 0 0 0 0} \
	1.1 34320 4.63 700 \
	{ -4 2 0 0 0 0 0 0 0 0 0 0 0} \
	{ 3467 -0.0146 0 0 0 0 0 0 0 0 0 0 0} \
	3.2 34540 5.09 700 \
	{ -666 0 0 0 0 0 0 0 0 0 0 0 0} \
	{ 0 0 0 0 0 0 0 0 0 0 0 0 0} \
	1.1 34320 4.63 700 \
	{ -666 0 0 0 0 0 0 0 0 0 0 0 0} \
	{ 0 0 0 0 0 0 0 0 0 0 0 0 0} 
ECALIB drifting 2 4 3.1 30450 4.9 700 \
	{ -4 2 0 0 0 0 0 0 0 0 0 0 0} \
	{ 3236 -0.0359 0 0 0 0 0 0 0 0 0 0 0} \
	1.9 25450 4.87 700 \
	{ -4 2 0 0 0 0 0 0 0 0 0 0 0} \
	{ 4467 -0.0111 0 0 0 0 0 0 0 0 0 0 0} \
	3.1 30450 4.9 700 \
	{ -666 0 0 0 0 0 0 0 0 0 0 0 0} \
	{ 0 0 0 0 0 0 0 0 0 0 0 0 0} \
	1.9 25450 4.87 700 \
	{ -666 0 0 0 0 0 0 0 0 0 0 0 0} \
	{ 0 0 0 0 0 0 0 0 0 0 0 0 0} 
ECALIB drifting 2 5 2.8 54650 4.64 700 \
	{ -4 2 0 0 0 0 0 0 0 0 0 0 0} \
	{ 2188 -0.0243 0 0 0 0 0 0 0 0 0 0 0} \
	2.8 53650 4.64 700 \
	{ -666 0 0 0 0 0 0 0 0 0 0 0 0} \
	{ 0 0 0 0 0 0 0 0 0 0 0 0 0} \
	2.8 54650 4.64 700 \
	{ -666 0 0 0 0 0 0 0 0 0 0 0 0} \
	{ 0 0 0 0 0 0 0 0 0 0 0 0 0} \
	2.8 53650 4.64 700 \
	{ -666 0 0 0 0 0 0 0 0 0 0 0 0} \
	{ 0 0 0 0 0 0 0 0 0 0 0 0 0} 
ECALIB drifting 2 6 3.3 31430 4.37 700 \
	{ -4 2 0 0 0 0 0 0 0 0 0 0 0} \
	{ 3802 -0.0166 0 0 0 0 0 0 0 0 0 0 0} \
	1.2 29415 5.15 700 \
	{ -4 2 0 0 0 0 0 0 0 0 0 0 0} \
	{ 3311 -0.0329 0 0 0 0 0 0 0 0 0 0 0} \
	3.3 31430 4.73 700 \
	{ -666 0 0 0 0 0 0 0 0 0 0 0 0} \
	{ 0 0 0 0 0 0 0 0 0 0 0 0 0} \
	1.2 29415 5.15 700 \
	{ -666 0 0 0 0 0 0 0 0 0 0 0 0} \
	{ 0 0 0 0 0 0 0 0 0 0 0 0 0} 
ECALIB drifting 3 1 2.6 64040 1.63 700 \
	{ -4 2 0 0 0 0 0 0 0 0 0 0 0} \
	{ 4571 -0.012 0 0 0 0 0 0 0 0 0 0 0} \
	3.6 63855 1.61 700 \
	{ -4 2 0 0 0 0 0 0 0 0 0 0 0} \
	{ 977 -0.0097 0 0 0 0 0 0 0 0 0 0 0} \
	2.6 64040 1.63 700 \
	{ -666 0 0 0 0 0 0 0 0 0 0 0 0} \
	{ 0 0 0 0 0 0 0 0 0 0 0 0 0} \
	3.6 63855 1.61 700 \
	{ -666 0 0 0 0 0 0 0 0 0 0 0 0} \
	{ 0 0 0 0 0 0 0 0 0 0 0 0 0} 
ECALIB drifting 3 2 4.5 62800 1.65 700 \
	{ -4 2 0 0 0 0 0 0 0 0 0 0 0} \
	{ 10233 -0.0549 0 0 0 0 0 0 0 0 0 0 0} \
	2.6 60380 1.54 700 \
	{ -4 2 0 0 0 0 0 0 0 0 0 0 0} \
	{ 6761 -0.0149 0 0 0 0 0 0 0 0 0 0 0} \
	4.5 62800 1.65 700 \
	{ -666 0 0 0 0 0 0 0 0 0 0 0 0} \
	{ 0 0 0 0 0 0 0 0 0 0 0 0 0} \
	2.6 60380 1.54 700 \
	{ -666 0 0 0 0 0 0 0 0 0 0 0 0} \
	{ 0 0 0 0 0 0 0 0 0 0 0 0 0} 
ECALIB drifting 3 3 3.2 63820 1.53 700 \
	{ -4 2 0 0 0 0 0 0 0 0 0 0 0} \
	{ 1175 -0.0088 0 0 0 0 0 0 0 0 0 0 0} \
	2.7 63790 1.65 700 \
	{ -4 2 0 0 0 0 0 0 0 0 0 0 0} \
	{ 1950 -0.0049 0 0 0 0 0 0 0 0 0 0 0} \
	3.2 63820 1.53 700 \
	{ -666 0 0 0 0 0 0 0 0 0 0 0 0} \
	{ 0 0 0 0 0 0 0 0 0 0 0 0 0} \
	2.7 63790 1.65 700 \
	{ -666 0 0 0 0 0 0 0 0 0 0 0 0} \
	{ 0 0 0 0 0 0 0 0 0 0 0 0 0} 
ECALIB drifting 3 4 3.55 63670 1.6 700 \
	{ -4 2 0 0 0 0 0 0 0 0 0 0 0} \
	{ 575 -0.0088 0 0 0 0 0 0 0 0 0 0 0} \
	3.55 63670 1.6 700 \
	{ -666 0 0 0 0 0 0 0 0 0 0 0 0} \
	{ 0 0 0 0 0 0 0 0 0 0 0 0 0} \
	3.55 63670 1.6 700 \
	{ -666 0 0 0 0 0 0 0 0 0 0 0 0} \
	{ 0 0 0 0 0 0 0 0 0 0 0 0 0} \
	3.55 63670 1.6 700 \
	{ -666 0 0 0 0 0 0 0 0 0 0 0 0} \
	{ 0 0 0 0 0 0 0 0 0 0 0 0 0} 
ECALIB drifting 3 5 3.1 63885 1.49 700 \
	{ -4 2 0 0 0 0 0 0 0 0 0 0 0} \
	{ 1698 -0.0027 0 0 0 0 0 0 0 0 0 0 0} \
	3 62415 1.45 700 \
	{ -4 2 0 0 0 0 0 0 0 0 0 0 0} \
	{ 1380 -0.0019 0 0 0 0 0 0 0 0 0 0 0} \
	3.1 63885 1.49 700 \
	{ -666 0 0 0 0 0 0 0 0 0 0 0 0} \
	{ 0 0 0 0 0 0 0 0 0 0 0 0 0} \
	3 62415 1.45 700 \
	{ -666 0 0 0 0 0 0 0 0 0 0 0 0} \
	{ 0 0 0 0 0 0 0 0 0 0 0 0 0} 
ECALIB drifting 3 6 2.65 63700 2.17 700 \
	{ -4 2 0 0 0 0 0 0 0 0 0 0 0} \
	{ 3162 -0.0261 0 0 0 0 0 0 0 0 0 0 0} \
	2.65 63700 2.17 700 \
	{ -666 0 0 0 0 0 0 0 0 0 0 0 0} \
	{ 0 0 0 0 0 0 0 0 0 0 0 0 0} \
	2.65 63700 2.17 700 \
	{ -666 0 0 0 0 0 0 0 0 0 0 0 0} \
	{ 0 0 0 0 0 0 0 0 0 0 0 0 0} \
	2.65 63700 2.17 700 \
	{ -666 0 0 0 0 0 0 0 0 0 0 0 0} \
	{ 0 0 0 0 0 0 0 0 0 0 0 0 0} 
ECALIB drifting 4 1 0.9 63880 4.68 700 \
	{ -4 2 0 0 0 0 0 0 0 0 0 0 0} \
	{ 5370 -0.0156 0 0 0 0 0 0 0 0 0 0 0} \
	0.9 63850 4.81 700 \
	{ -4 2 0 0 0 0 0 0 0 0 0 0 0} \
	{ 4786 -0.0134 0 0 0 0 0 0 0 0 0 0 0} \
	0.9 63880 4.68 700 \
	{ -666 0 0 0 0 0 0 0 0 0 0 0 0} \
	{ 0 0 0 0 0 0 0 0 0 0 0 0 0} \
	0.9 63850 4.81 700 \
	{ -666 0 0 0 0 0 0 0 0 0 0 0 0} \
	{ 0 0 0 0 0 0 0 0 0 0 0 0 0} 
ECALIB drifting 4 2 1 63950 5.68 700 \
	{ -4 2 0 0 0 0 0 0 0 0 0 0 0} \
	{ 5370 -0.0114 0 0 0 0 0 0 0 0 0 0 0} \
	1 63440 4.63 700 \
	{ -4 2 0 0 0 0 0 0 0 0 0 0 0} \
	{ 6918 -0.014 0 0 0 0 0 0 0 0 0 0 0} \
	1 63950 5.68 700 \
	{ -666 0 0 0 0 0 0 0 0 0 0 0 0} \
	{ 0 0 0 0 0 0 0 0 0 0 0 0 0} \
	1 63440 4.63 700 \
	{ -666 0 0 0 0 0 0 0 0 0 0 0 0} \
	{ 0 0 0 0 0 0 0 0 0 0 0 0 0} 
ECALIB drifting 4 3 1 63960 4.66 700 \
	{ -4 2 0 0 0 0 0 0 0 0 0 0 0} \
	{ 6918 -0.0136 0 0 0 0 0 0 0 0 0 0 0} \
	1 63940 5.11 700 \
	{ -4 2 0 0 0 0 0 0 0 0 0 0 0} \
	{ 6918 -0.0093 0 0 0 0 0 0 0 0 0 0 0} \
	1 63960 4.66 700 \
	{ -666 0 0 0 0 0 0 0 0 0 0 0 0} \
	{ 0 0 0 0 0 0 0 0 0 0 0 0 0} \
	1 63940 5.11 700 \
	{ -666 0 0 0 0 0 0 0 0 0 0 0 0} \
	{ 0 0 0 0 0 0 0 0 0 0 0 0 0} 
ECALIB drifting 4 4 3.1 63950 4.74 700 \
	{ -4 2 0 0 0 0 0 0 0 0 0 0 0} \
	{ 5623 -0.0398 0 0 0 0 0 0 0 0 0 0 0} \
	3.1 63930 4.81 700 \
	{ -4 2 0 0 0 0 0 0 0 0 0 0 0} \
	{ 7586 -0.0103 0 0 0 0 0 0 0 0 0 0 0} \
	3.1 63950 4.74 700 \
	{ -666 0 0 0 0 0 0 0 0 0 0 0 0} \
	{ 0 0 0 0 0 0 0 0 0 0 0 0 0} \
	3.1 63930 4.81 700 \
	{ -666 0 0 0 0 0 0 0 0 0 0 0 0} \
	{ 0 0 0 0 0 0 0 0 0 0 0 0 0} 
ECALIB drifting 4 5 1.5 63960 3.41 700 \
	{ -4 2 0 0 0 0 0 0 0 0 0 0 0} \
	{ 6026 -0.0151 0 0 0 0 0 0 0 0 0 0 0} \
	1.2 64010 3.55 700 \
	{ -4 2 0 0 0 0 0 0 0 0 0 0 0} \
	{ 5754 -0.0151 0 0 0 0 0 0 0 0 0 0 0} \
	1.5 63960 3.41 700 \
	{ -666 0 0 0 0 0 0 0 0 0 0 0 0} \
	{ 0 0 0 0 0 0 0 0 0 0 0 0 0} \
	1.2 64010 3.58 700 \
	{ -666 0 0 0 0 0 0 0 0 0 0 0 0} \
	{ 0 0 0 0 0 0 0 0 0 0 0 0 0} 
ECALIB drifting 4 6 1.1 63960 4.96 700 \
	{ -4 2 0 0 0 0 0 0 0 0 0 0 0} \
	{ 6310 -0.0148 0 0 0 0 0 0 0 0 0 0 0} \
	1.1 63960 4.42 700 \
	{ -4 2 0 0 0 0 0 0 0 0 0 0 0} \
	{ 4571 -0.0359 0 0 0 0 0 0 0 0 0 0 0} \
	1.1 63960 4.96 700 \
	{ -666 0 0 0 0 0 0 0 0 0 0 0 0} \
	{ 0 0 0 0 0 0 0 0 0 0 0 0 0} \
	1.1 63960 4.42 700 \
	{ -666 0 0 0 0 0 0 0 0 0 0 0 0} \
	{ 0 0 0 0 0 0 0 0 0 0 0 0 0} 
ECALIB drifting 5 1 3.95 63400 3.32 700 \
	{ -4 2 0 0 0 0 0 0 0 0 0 0 0} \
	{ 1820 -0.0037 0 0 0 0 0 0 0 0 0 0 0} \
	3.95 63400 3.32 700 \
	{ -666 0 0 0 0 0 0 0 0 0 0 0 0} \
	{ 0 0 0 0 0 0 0 0 0 0 0 0 0} \
	3.95 63400 3.32 700 \
	{ -666 0 0 0 0 0 0 0 0 0 0 0 0} \
	{ 0 0 0 0 0 0 0 0 0 0 0 0 0} \
	3.95 63400 3.32 700 \
	{ -666 0 0 0 0 0 0 0 0 0 0 0 0} \
	{ 0 0 0 0 0 0 0 0 0 0 0 0 0} 
ECALIB drifting 5 2 1.1 63720 4.2 700 \
	{ -4 2 0 0 0 0 0 0 0 0 0 0 0} \
	{ 1349 -0.005 0 0 0 0 0 0 0 0 0 0 0} \
	1.3 63380 3.51 700 \
	{ -4 2 0 0 0 0 0 0 0 0 0 0 0} \
	{ 1380 -0.0238 0 0 0 0 0 0 0 0 0 0 0} \
	1.1 63720 4.2 700 \
	{ -666 0 0 0 0 0 0 0 0 0 0 0 0} \
	{ 0 0 0 0 0 0 0 0 0 0 0 0 0} \
	1.3 63380 3.51 700 \
	{ -666 0 0 0 0 0 0 0 0 0 0 0 0} \
	{ 0 0 0 0 0 0 0 0 0 0 0 0 0} 
ECALIB drifting 5 3 1.3 49300 3.79 700 \
	{ -4 2 0 0 0 0 0 0 0 0 0 0 0} \
	{ 2818 -0.0353 0 0 0 0 0 0 0 0 0 0 0} \
	1 49555 3.9 700 \
	{ -4 2 0 0 0 0 0 0 0 0 0 0 0} \
	{ 2951 -0.0097 0 0 0 0 0 0 0 0 0 0 0} \
	1.3 49300 3.79 700 \
	{ -666 0 0 0 0 0 0 0 0 0 0 0 0} \
	{ 0 0 0 0 0 0 0 0 0 0 0 0 0} \
	1 49555 3.9 700 \
	{ -666 0 0 0 0 0 0 0 0 0 0 0 0} \
	{ 0 0 0 0 0 0 0 0 0 0 0 0 0} 
ECALIB drifting 5 4 1.6 56710 3.85 700 \
	{ -4 2 0 0 0 0 0 0 0 0 0 0 0} \
	{ 4786 -0.0149 0 0 0 0 0 0 0 0 0 0 0} \
	1.2 51770 4.14 700 \
	{ -4 2 0 0 0 0 0 0 0 0 0 0 0} \
	{ 2818 -0.0119 0 0 0 0 0 0 0 0 0 0 0} \
	1.6 56710 3.85 700 \
	{ -666 0 0 0 0 0 0 0 0 0 0 0 0} \
	{ 0 0 0 0 0 0 0 0 0 0 0 0 0} \
	1.2 51770 4.14 700 \
	{ -666 0 0 0 0 0 0 0 0 0 0 0 0} \
	{ 0 0 0 0 0 0 0 0 0 0 0 0 0} 
ECALIB drifting 5 5 1 63955 4.2 700 \
	{ -4 2 0 0 0 0 0 0 0 0 0 0 0} \
	{ 2399 -0.0129 0 0 0 0 0 0 0 0 0 0 0} \
	1.1 64010 3.9 700 \
	{ -4 2 0 0 0 0 0 0 0 0 0 0 0} \
	{ 1175 -0.0071 0 0 0 0 0 0 0 0 0 0 0} \
	1 63955 4.2 700 \
	{ -666 0 0 0 0 0 0 0 0 0 0 0 0} \
	{ 0 0 0 0 0 0 0 0 0 0 0 0 0} \
	1.1 64010 3.9 700 \
	{ -666 0 0 0 0 0 0 0 0 0 0 0 0} \
	{ 0 0 0 0 0 0 0 0 0 0 0 0 0} 
ECALIB drifting 5 6 1.4 62900 3.99 700 \
	{ -4 2 0 0 0 0 0 0 0 0 0 0 0} \
	{ 4677 -0.0208 0 0 0 0 0 0 0 0 0 0 0} \
	1.3 47590 4.08 700 \
	{ -4 2 0 0 0 0 0 0 0 0 0 0 0} \
	{ 3388 -0.0221 0 0 0 0 0 0 0 0 0 0 0} \
	1.4 62900 3.99 700 \
	{ -666 0 0 0 0 0 0 0 0 0 0 0 0} \
	{ 0 0 0 0 0 0 0 0 0 0 0 0 0} \
	1.3 47590 4.08 700 \
	{ -666 0 0 0 0 0 0 0 0 0 0 0 0} \
	{ 0 0 0 0 0 0 0 0 0 0 0 0 0} 
ECALIB drifting 6 1 4 50000 5 700 \
	{ -666 0 0 0 0 0 0 0 0 0 0 0 0} \
	{ 0 0 0 0 0 0 0 0 0 0 0 0 0} \
	4 50000 5 700 \
	{ -666 0 0 0 0 0 0 0 0 0 0 0 0} \
	{ 0 0 0 0 0 0 0 0 0 0 0 0 0} \
	4 50000 5 700 \
	{ -666 0 0 0 0 0 0 0 0 0 0 0 0} \
	{ 0 0 0 0 0 0 0 0 0 0 0 0 0} \
	4 50000 5 700 \
	{ -666 0 0 0 0 0 0 0 0 0 0 0 0} \
	{ 0 0 0 0 0 0 0 0 0 0 0 0 0} 
ECALIB drifting 6 2 4 50000 5 700 \
	{ -666 0 0 0 0 0 0 0 0 0 0 0 0} \
	{ 0 0 0 0 0 0 0 0 0 0 0 0 0} \
	4 50000 5 700 \
	{ -666 0 0 0 0 0 0 0 0 0 0 0 0} \
	{ 0 0 0 0 0 0 0 0 0 0 0 0 0} \
	4 50000 5 700 \
	{ -666 0 0 0 0 0 0 0 0 0 0 0 0} \
	{ 0 0 0 0 0 0 0 0 0 0 0 0 0} \
	4 50000 5 700 \
	{ -666 0 0 0 0 0 0 0 0 0 0 0 0} \
	{ 0 0 0 0 0 0 0 0 0 0 0 0 0} 
ECALIB drifting 6 3 4 50000 5 700 \
	{ -666 0 0 0 0 0 0 0 0 0 0 0 0} \
	{ 0 0 0 0 0 0 0 0 0 0 0 0 0} \
	4 50000 5 700 \
	{ -666 0 0 0 0 0 0 0 0 0 0 0 0} \
	{ 0 0 0 0 0 0 0 0 0 0 0 0 0} \
	4 50000 5 700 \
	{ -666 0 0 0 0 0 0 0 0 0 0 0 0} \
	{ 0 0 0 0 0 0 0 0 0 0 0 0 0} \
	4 50000 5 700 \
	{ -666 0 0 0 0 0 0 0 0 0 0 0 0} \
	{ 0 0 0 0 0 0 0 0 0 0 0 0 0} 
ECALIB drifting 6 4 4 50000 5 700 \
	{ -666 0 0 0 0 0 0 0 0 0 0 0 0} \
	{ 0 0 0 0 0 0 0 0 0 0 0 0 0} \
	4 50000 5 700 \
	{ -666 0 0 0 0 0 0 0 0 0 0 0 0} \
	{ 0 0 0 0 0 0 0 0 0 0 0 0 0} \
	4 50000 5 700 \
	{ -666 0 0 0 0 0 0 0 0 0 0 0 0} \
	{ 0 0 0 0 0 0 0 0 0 0 0 0 0} \
	4 50000 5 700 \
	{ -666 0 0 0 0 0 0 0 0 0 0 0 0} \
	{ 0 0 0 0 0 0 0 0 0 0 0 0 0} 
ECALIB drifting 6 5 4 50000 5 700 \
	{ -666 0 0 0 0 0 0 0 0 0 0 0 0} \
	{ 0 0 0 0 0 0 0 0 0 0 0 0 0} \
	4 50000 5 700 \
	{ -666 0 0 0 0 0 0 0 0 0 0 0 0} \
	{ 0 0 0 0 0 0 0 0 0 0 0 0 0} \
	4 50000 5 700 \
	{ -666 0 0 0 0 0 0 0 0 0 0 0 0} \
	{ 0 0 0 0 0 0 0 0 0 0 0 0 0} \
	4 50000 5 700 \
	{ -666 0 0 0 0 0 0 0 0 0 0 0 0} \
	{ 0 0 0 0 0 0 0 0 0 0 0 0 0} 
ECALIB drifting 6 0 4 50000 5 700 \
	{ -666 0 0 0 0 0 0 0 0 0 0 0 0} \
	{ 0 0 0 0 0 0 0 0 0 0 0 0 0} \
	4 50000 5 700 \
	{ -666 0 0 0 0 0 0 0 0 0 0 0 0} \
	{ 0 0 0 0 0 0 0 0 0 0 0 0 0} \
	4 50000 5 700 \
	{ -666 0 0 0 0 0 0 0 0 0 0 0 0} \
	{ 0 0 0 0 0 0 0 0 0 0 0 0 0} \
	4 50000 5 700 \
	{ -666 0 0 0 0 0 0 0 0 0 0 0 0} \
	{ 0 0 0 0 0 0 0 0 0 0 0 0 0} 
ECALIB drifting 7 1 7 50000 3.5 700 \
	{ -666 0 0 0 0 0 0 0 0 0 0 0 0} \
	{ 0 0 0 0 0 0 0 0 0 0 0 0 0} \
	7 50000 3.5 700 \
	{ -666 0 0 0 0 0 0 0 0 0 0 0 0} \
	{ 0 0 0 0 0 0 0 0 0 0 0 0 0} \
	7 50000 3.5 700 \
	{ -666 0 0 0 0 0 0 0 0 0 0 0 0} \
	{ 0 0 0 0 0 0 0 0 0 0 0 0 0} \
	7 50000 3.5 700 \
	{ -666 0 0 0 0 0 0 0 0 0 0 0 0} \
	{ 0 0 0 0 0 0 0 0 0 0 0 0 0} 
ECALIB drifting 7 2 7 50000 3.5 700 \
	{ -666 0 0 0 0 0 0 0 0 0 0 0 0} \
	{ 0 0 0 0 0 0 0 0 0 0 0 0 0} \
	7 50000 3.5 700 \
	{ -666 0 0 0 0 0 0 0 0 0 0 0 0} \
	{ 0 0 0 0 0 0 0 0 0 0 0 0 0} \
	7 50000 3.5 700 \
	{ -666 0 0 0 0 0 0 0 0 0 0 0 0} \
	{ 0 0 0 0 0 0 0 0 0 0 0 0 0} \
	7 50000 3.5 700 \
	{ -666 0 0 0 0 0 0 0 0 0 0 0 0} \
	{ 0 0 0 0 0 0 0 0 0 0 0 0 0} 
ECALIB drifting 7 3 7 50000 3.5 700 \
	{ -666 0 0 0 0 0 0 0 0 0 0 0 0} \
	{ 0 0 0 0 0 0 0 0 0 0 0 0 0} \
	7 50000 3.5 700 \
	{ -666 0 0 0 0 0 0 0 0 0 0 0 0} \
	{ 0 0 0 0 0 0 0 0 0 0 0 0 0} \
	7 50000 3.5 700 \
	{ -666 0 0 0 0 0 0 0 0 0 0 0 0} \
	{ 0 0 0 0 0 0 0 0 0 0 0 0 0} \
	7 50000 3.5 700 \
	{ -666 0 0 0 0 0 0 0 0 0 0 0 0} \
	{ 0 0 0 0 0 0 0 0 0 0 0 0 0} 
ECALIB drifting 7 4 7 50000 3.5 700 \
	{ -666 0 0 0 0 0 0 0 0 0 0 0 0} \
	{ 0 0 0 0 0 0 0 0 0 0 0 0 0} \
	7 50000 3.5 700 \
	{ -666 0 0 0 0 0 0 0 0 0 0 0 0} \
	{ 0 0 0 0 0 0 0 0 0 0 0 0 0} \
	7 50000 3.5 700 \
	{ -666 0 0 0 0 0 0 0 0 0 0 0 0} \
	{ 0 0 0 0 0 0 0 0 0 0 0 0 0} \
	7 50000 3.5 700 \
	{ -666 0 0 0 0 0 0 0 0 0 0 0 0} \
	{ 0 0 0 0 0 0 0 0 0 0 0 0 0} 
ECALIB drifting 7 5 7 50000 3.5 700 \
	{ -666 0 0 0 0 0 0 0 0 0 0 0 0} \
	{ 0 0 0 0 0 0 0 0 0 0 0 0 0} \
	7 50000 3.5 700 \
	{ -666 0 0 0 0 0 0 0 0 0 0 0 0} \
	{ 0 0 0 0 0 0 0 0 0 0 0 0 0} \
	7 50000 3.5 700 \
	{ -666 0 0 0 0 0 0 0 0 0 0 0 0} \
	{ 0 0 0 0 0 0 0 0 0 0 0 0 0} \
	7 50000 3.5 700 \
	{ -666 0 0 0 0 0 0 0 0 0 0 0 0} \
	{ 0 0 0 0 0 0 0 0 0 0 0 0 0} 
ECALIB drifting 7 6 7 50000 3.5 700 \
	{ -666 0 0 0 0 0 0 0 0 0 0 0 0} \
	{ 0 0 0 0 0 0 0 0 0 0 0 0 0} \
	7 50000 3.5 700 \
	{ -666 0 0 0 0 0 0 0 0 0 0 0 0} \
	{ 0 0 0 0 0 0 0 0 0 0 0 0 0} \
	7 50000 3.5 700 \
	{ -666 0 0 0 0 0 0 0 0 0 0 0 0} \
	{ 0 0 0 0 0 0 0 0 0 0 0 0 0} \
	7 50000 3.5 700 \
	{ -666 0 0 0 0 0 0 0 0 0 0 0 0} \
	{ 0 0 0 0 0 0 0 0 0 0 0 0 0} 
ECALIB drifting 8 1 7 50000 3.5 700 \
	{ -666 0 0 0 0 0 0 0 0 0 0 0 0} \
	{ 0 0 0 0 0 0 0 0 0 0 0 0 0} \
	7 50000 3.5 700 \
	{ -666 0 0 0 0 0 0 0 0 0 0 0 0} \
	{ 0 0 0 0 0 0 0 0 0 0 0 0 0} \
	7 50000 3.5 700 \
	{ -666 0 0 0 0 0 0 0 0 0 0 0 0} \
	{ 0 0 0 0 0 0 0 0 0 0 0 0 0} \
	7 50000 3.5 700 \
	{ -666 0 0 0 0 0 0 0 0 0 0 0 0} \
	{ 0 0 0 0 0 0 0 0 0 0 0 0 0} 
ECALIB drifting 8 2 7 50000 3.5 700 \
	{ -666 0 0 0 0 0 0 0 0 0 0 0 0} \
	{ 0 0 0 0 0 0 0 0 0 0 0 0 0} \
	7 50000 3.5 700 \
	{ -666 0 0 0 0 0 0 0 0 0 0 0 0} \
	{ 0 0 0 0 0 0 0 0 0 0 0 0 0} \
	7 50000 3.5 700 \
	{ -666 0 0 0 0 0 0 0 0 0 0 0 0} \
	{ 0 0 0 0 0 0 0 0 0 0 0 0 0} \
	7 50000 3.5 700 \
	{ -666 0 0 0 0 0 0 0 0 0 0 0 0} \
	{ 0 0 0 0 0 0 0 0 0 0 0 0 0} 
ECALIB drifting 8 3 7 50000 3.5 700 \
	{ -666 0 0 0 0 0 0 0 0 0 0 0 0} \
	{ 0 0 0 0 0 0 0 0 0 0 0 0 0} \
	7 50000 3.5 700 \
	{ -666 0 0 0 0 0 0 0 0 0 0 0 0} \
	{ 0 0 0 0 0 0 0 0 0 0 0 0 0} \
	7 50000 3.5 700 \
	{ -666 0 0 0 0 0 0 0 0 0 0 0 0} \
	{ 0 0 0 0 0 0 0 0 0 0 0 0 0} \
	7 50000 3.5 700 \
	{ -666 0 0 0 0 0 0 0 0 0 0 0 0} \
	{ 0 0 0 0 0 0 0 0 0 0 0 0 0} 
ECALIB drifting 8 4 7 50000 3.5 700 \
	{ -666 0 0 0 0 0 0 0 0 0 0 0 0} \
	{ 0 0 0 0 0 0 0 0 0 0 0 0 0} \
	7 50000 3.5 700 \
	{ -666 0 0 0 0 0 0 0 0 0 0 0 0} \
	{ 0 0 0 0 0 0 0 0 0 0 0 0 0} \
	7 50000 3.5 700 \
	{ -666 0 0 0 0 0 0 0 0 0 0 0 0} \
	{ 0 0 0 0 0 0 0 0 0 0 0 0 0} \
	7 50000 3.5 700 \
	{ -666 0 0 0 0 0 0 0 0 0 0 0 0} \
	{ 0 0 0 0 0 0 0 0 0 0 0 0 0} 
ECALIB drifting 8 5 7 50000 3.5 700 \
	{ -666 0 0 0 0 0 0 0 0 0 0 0 0} \
	{ 0 0 0 0 0 0 0 0 0 0 0 0 0} \
	7 50000 3.5 700 \
	{ -666 0 0 0 0 0 0 0 0 0 0 0 0} \
	{ 0 0 0 0 0 0 0 0 0 0 0 0 0} \
	7 50000 3.5 700 \
	{ -666 0 0 0 0 0 0 0 0 0 0 0 0} \
	{ 0 0 0 0 0 0 0 0 0 0 0 0 0} \
	7 50000 3.5 700 \
	{ -666 0 0 0 0 0 0 0 0 0 0 0 0} \
	{ 0 0 0 0 0 0 0 0 0 0 0 0 0} 
ECALIB drifting 8 6 7 50000 3.5 700 \
	{ -666 0 0 0 0 0 0 0 0 0 0 0 0} \
	{ 0 0 0 0 0 0 0 0 0 0 0 0 0} \
	7 50000 3.5 700 \
	{ -666 0 0 0 0 0 0 0 0 0 0 0 0} \
	{ 0 0 0 0 0 0 0 0 0 0 0 0 0} \
	7 50000 3.5 700 \
	{ -666 0 0 0 0 0 0 0 0 0 0 0 0} \
	{ 0 0 0 0 0 0 0 0 0 0 0 0 0} \
	7 50000 3.5 700 \
	{ -666 0 0 0 0 0 0 0 0 0 0 0 0} \
	{ 0 0 0 0 0 0 0 0 0 0 0 0 0} 
ECALIB drifting 9 1 7 50000 3.5 700 \
	{ -666 0 0 0 0 0 0 0 0 0 0 0 0} \
	{ 0 0 0 0 0 0 0 0 0 0 0 0 0} \
	7 50000 3.5 700 \
	{ -666 0 0 0 0 0 0 0 0 0 0 0 0} \
	{ 0 0 0 0 0 0 0 0 0 0 0 0 0} \
	7 50000 3.5 700 \
	{ -666 0 0 0 0 0 0 0 0 0 0 0 0} \
	{ 0 0 0 0 0 0 0 0 0 0 0 0 0} \
	7 50000 3.5 700 \
	{ -666 0 0 0 0 0 0 0 0 0 0 0 0} \
	{ 0 0 0 0 0 0 0 0 0 0 0 0 0} 
ECALIB drifting 9 2 7 50000 3.5 700 \
	{ -666 0 0 0 0 0 0 0 0 0 0 0 0} \
	{ 0 0 0 0 0 0 0 0 0 0 0 0 0} \
	7 50000 3.5 700 \
	{ -666 0 0 0 0 0 0 0 0 0 0 0 0} \
	{ 0 0 0 0 0 0 0 0 0 0 0 0 0} \
	7 50000 3.5 700 \
	{ -666 0 0 0 0 0 0 0 0 0 0 0 0} \
	{ 0 0 0 0 0 0 0 0 0 0 0 0 0} \
	7 50000 3.5 700 \
	{ -666 0 0 0 0 0 0 0 0 0 0 0 0} \
	{ 0 0 0 0 0 0 0 0 0 0 0 0 0} 
ECALIB drifting 9 3 7 50000 3.5 700 \
	{ -666 0 0 0 0 0 0 0 0 0 0 0 0} \
	{ 0 0 0 0 0 0 0 0 0 0 0 0 0} \
	7 50000 3.5 700 \
	{ -666 0 0 0 0 0 0 0 0 0 0 0 0} \
	{ 0 0 0 0 0 0 0 0 0 0 0 0 0} \
	7 50000 3.5 700 \
	{ -666 0 0 0 0 0 0 0 0 0 0 0 0} \
	{ 0 0 0 0 0 0 0 0 0 0 0 0 0} \
	7 50000 3.5 700 \
	{ -666 0 0 0 0 0 0 0 0 0 0 0 0} \
	{ 0 0 0 0 0 0 0 0 0 0 0 0 0} 
ECALIB drifting 9 4 7 50000 3.5 700 \
	{ -666 0 0 0 0 0 0 0 0 0 0 0 0} \
	{ 0 0 0 0 0 0 0 0 0 0 0 0 0} \
	7 50000 3.5 700 \
	{ -666 0 0 0 0 0 0 0 0 0 0 0 0} \
	{ 0 0 0 0 0 0 0 0 0 0 0 0 0} \
	7 50000 3.5 700 \
	{ -666 0 0 0 0 0 0 0 0 0 0 0 0} \
	{ 0 0 0 0 0 0 0 0 0 0 0 0 0} \
	7 50000 3.5 700 \
	{ -666 0 0 0 0 0 0 0 0 0 0 0 0} \
	{ 0 0 0 0 0 0 0 0 0 0 0 0 0} 
ECALIB drifting 9 5 7 50000 3.5 700 \
	{ -666 0 0 0 0 0 0 0 0 0 0 0 0} \
	{ 0 0 0 0 0 0 0 0 0 0 0 0 0} \
	7 50000 3.5 700 \
	{ -666 0 0 0 0 0 0 0 0 0 0 0 0} \
	{ 0 0 0 0 0 0 0 0 0 0 0 0 0} \
	7 50000 3.5 700 \
	{ -666 0 0 0 0 0 0 0 0 0 0 0 0} \
	{ 0 0 0 0 0 0 0 0 0 0 0 0 0} \
	7 50000 3.5 700 \
	{ -666 0 0 0 0 0 0 0 0 0 0 0 0} \
	{ 0 0 0 0 0 0 0 0 0 0 0 0 0} 
ECALIB drifting 9 0 7 50000 3.5 700 \
	{ -666 0 0 0 0 0 0 0 0 0 0 0 0} \
	{ 0 0 0 0 0 0 0 0 0 0 0 0 0} \
	7 50000 3.5 700 \
	{ -666 0 0 0 0 0 0 0 0 0 0 0 0} \
	{ 0 0 0 0 0 0 0 0 0 0 0 0 0} \
	7 50000 3.5 700 \
	{ -666 0 0 0 0 0 0 0 0 0 0 0 0} \
	{ 0 0 0 0 0 0 0 0 0 0 0 0 0} \
	7 50000 3.5 700 \
	{ -666 0 0 0 0 0 0 0 0 0 0 0 0} \
	{ 0 0 0 0 0 0 0 0 0 0 0 0 0} 

